0.000000
347.167478
370.448824
654.759559
1245.950272
1147.712855
941.580250
1443.887182
449.253760
1462.538079
1563.930642
947.244504
1847.955642
1469.604680
533.530300
2103.795453
2714.676503
1894.992661
1834.239299
2471.397893
5539.648805
6760.763207
8759.658766
6343.762075
347.167478
0.000000
398.269785
449.002820
1064.512919
858.738038
681.569284
1100.694016
784.967772
1539.155774
1469.964171
850.497581
1895.558397
1342.493104
868.677104
1850.133026
2389.844460
2241.075518
1487.339748
2421.488120
5833.654220
7055.725640
9102.508889
6664.219636
370.448824
398.269785
0.000000
366.573244
1460.653936
1241.136276
664.166354
1296.820812
750.159560
1152.168676
1846.297202
578.187308
1521.303783
1101.170014
666.363049
1783.203720
2480.934875
2037.659634
1712.071735
2783.503023
5847.527931
7065.789093
8955.953563
6611.873860
654.759559
449.002820
366.573244
0.000000
1422.050615
1093.614453
299.078317
958.136357
1086.887598
1222.985316
1873.847774
431.682454
1537.937851
896.242972
1032.853656
1449.050765
2114.392207
2401.207793
1378.074557
2836.041711
6189.442515
7409.649217
9321.988181
6971.075312
1245.950272
1064.512919
1460.653936
1422.050615
0.000000
482.930215
1496.970164
1329.630400
1454.221403
2601.348492
512.883924
1853.640775
2947.431426
2271.132549
1721.139379
2457.974652
2573.326150
2892.297759
1473.458990
1459.771570
5762.182994
6961.617229
9386.984011
6745.844086
1147.712855
858.738038
1241.136276
1093.614453
482.930215
0.000000
1094.630041
846.877837
1485.211525
2314.922290
994.000314
1510.393775
2628.054883
1869.688538
1676.569125
1980.471807
2113.980193
2981.106137
1023.398840
1921.987240
6150.230407
7360.129684
9674.264290
7093.709941
941.580250
681.569284
664.166354
299.078317
1496.970164
1094.630041
0.000000
729.581603
1381.284055
1317.310985
1983.609389
479.574899
1574.539742
777.331246
1330.336551
1171.005570
1817.817353
2691.752193
1145.604719
2947.881941
6481.060551
7701.966437
9615.803856
7269.564104
1443.887182
1100.694016
1296.820812
958.136357
1329.630400
846.877837
729.581603
0.000000
1885.567346
2023.086291
1838.744931
1198.981545
2233.730090
1327.049080
1934.332375
1162.486667
1332.632261
3318.959298
420.337167
2743.889045
6865.705902
8085.345439
10203.060768
7741.613728
449.253760
784.967772
750.159560
1086.887598
1454.221403
1485.211525
1381.284055
1885.567346
0.000000
1624.751165
1642.475104
1308.438830
2023.287008
1825.493647
337.203060
2529.940873
3163.927791
1497.571041
2266.470260
2451.195936
5103.027621
6322.901976
8318.073737
5895.333226
1462.538079
1539.155774
1152.168676
1222.985316
2601.348492
2314.922290
1317.310985
2023.086291
1624.751165
0.000000
2998.306226
838.772510
398.568932
853.605464
1320.251039
1764.069715
2754.103345
2142.506271
2417.433846
3929.142338
6291.984259
7468.439627
8863.037356
6855.694647
1563.930642
1469.964171
1846.297202
1873.847774
512.883924
994.000314
1983.609389
1838.744931
1642.475104
2998.306226
0.000000
2302.686873
3363.877966
2748.960636
1956.130805
2970.812992
3050.956825
2940.085263
1951.554962
965.137754
5404.430251
6585.054395
9136.595204
6435.145641
947.244504
850.497581
578.187308
431.682454
1853.640775
1510.393775
479.574899
1198.981545
1308.438830
838.772510
2302.686873
0.000000
1118.843037
523.036599
1142.604253
1291.042064
2131.953321
2405.710603
1606.645373
3262.866143
6367.745666
7580.154467
9319.054301
7081.234831
1847.955642
1895.558397
1521.303783
1537.937851
2947.431426
2628.054883
1574.539742
2233.730090
2023.287008
398.568932
3363.877966
1118.843037
0.000000
939.005957
1717.696836
1752.471524
2777.415094
2444.340419
2601.205092
4304.750494
6607.322154
7767.826991
9013.426308
7118.915856
1469.604680
1342.493104
1101.170014
896.242972
2271.132549
1869.688538
777.331246
1327.049080
1825.493647
853.605464
2748.960636
523.036599
939.005957
0.000000
1633.904958
924.673262
1900.500262
2804.307841
1671.907739
3714.073037
6847.761599
8053.583833
9658.441335
7518.906842
533.530300
868.677104
666.363049
1032.853656
1721.139379
1676.569125
1330.336551
1934.332375
337.203060
1320.251039
1956.130805
1142.604253
1717.696836
1633.904958
0.000000
2419.033603
3147.242390
1384.627611
2338.831754
2785.333031
5225.144933
6437.935168
8291.814311
5956.734250
2103.795453
1850.133026
1783.203720
1449.050765
2457.974652
1980.471807
1171.005570
1162.486667
2529.940873
1764.069715
2970.812992
1291.042064
1752.471524
924.673262
2419.033603
0.000000
1029.359162
3689.547622
1283.288347
3898.439228
7630.721286
8848.617385
10576.834773
8370.842274
2714.676503
2389.844460
2480.934875
2114.392207
2573.326150
2113.980193
1817.817353
1332.632261
3163.927791
2754.103345
3050.956825
2131.953321
2777.415094
1900.500262
3147.242390
1029.359162
0.000000
4505.263864
1100.692123
3849.136072
8197.300356
9417.474772
11431.493883
9054.044760
1894.992661
2241.075518
2037.659634
2401.207793
2892.297759
2981.106137
2691.752193
3318.959298
1497.571041
2142.506271
2940.085263
2405.710603
2444.340419
2804.307841
1384.627611
3689.547622
4505.263864
0.000000
3722.182337
3502.325629
4163.254811
5327.881640
6926.305511
4725.230566
1834.239299
1487.339748
1712.071735
1378.074557
1473.458990
1023.398840
1145.604719
420.337167
2266.470260
2417.433846
1951.554962
1606.645373
2601.205092
1671.907739
2338.831754
1283.288347
1100.692123
3722.182337
0.000000
2779.630516
7159.719695
8373.798496
10580.399072
8072.947716
2471.397893
2421.488120
2783.503023
2836.041711
1459.771570
1921.987240
2947.881941
2743.889045
2451.195936
3929.142338
965.137754
3262.866143
4304.750494
3714.073037
2785.333031
3898.439228
3849.136072
3502.325629
2779.630516
0.000000
5071.161334
6177.400724
8978.282673
6192.640296
5539.648805
5833.654220
5847.527931
6189.442515
5762.182994
6150.230407
6481.060551
6865.705902
5103.027621
6291.984259
5404.430251
6367.745666
6607.322154
6847.761599
5225.144933
7630.721286
8197.300356
4163.254811
7159.719695
5071.161334
0.000000
1222.088190
3974.203211
1187.854875
6760.763207
7055.725640
7065.789093
7409.649217
6961.617229
7360.129684
7701.966437
8085.345439
6322.901976
7468.439627
6585.054395
7580.154467
7767.826991
8053.583833
6437.935168
8848.617385
9417.474772
5327.881640
8373.798496
6177.400724
1222.088190
0.000000
3125.786604
976.338891
8759.658766
9102.508889
8955.953563
9321.988181
9386.984011
9674.264290
9615.803856
10203.060768
8318.073737
8863.037356
9136.595204
9319.054301
9013.426308
9658.441335
8291.814311
10576.834773
11431.493883
6926.305511
10580.399072
8978.282673
3974.203211
3125.786604
0.000000
2802.104678
6343.762075
6664.219636
6611.873860
6971.075312
6745.844086
7093.709941
7269.564104
7741.613728
5895.333226
6855.694647
6435.145641
7081.234831
7118.915856
7518.906842
5956.734250
8370.842274
9054.044760
4725.230566
8072.947716
6192.640296
1187.854875
976.338891
2802.104678
0.000000
